--undefined--
--undefined--
70
70
70
70
70
70
70
70
70
70
70
70
70
70
70
70
70
70
70
70
70
70
70
70
70
70
70
70
70
70
70
70
70
70
70
70
70
70
70
70
70
70
70
70
70
70
70
70
70
70
70
70
70
70
70
70
70
70
70
70
70
70
70
70
70
70
70
70
70
70
70
70
70
70
70
70
70
70
70
70
70
70
70
70
63
51
50
49
49
43
36
36
36
36
36
36
36
36
36
36
36
37
37
37
37
37
37
37
37
37
36
36
36
36
36
36
36
36
36
36
36
36
36
53
53
52
51
50
50
50
50
50
50
50
50
50
50
50
50
50
50
49
49
50
51
51
51
52
51
51
51
51
51
51
51
51
51
51
51
51
51
51
51
51
52
52
52
52
52
52
52
52
52
52
52
52
52
52
52
52
52
51
51
51
51
51
51
51
52
52
52
52
52
52
51
51
51
51
51
51
52
52
52
52
52
52
52
52
52
52
52
52
52
52
52
52
52
52
52
52
52
52
52
52
52
52
52
51
51
51
51
51
51
51
51
51
51
52
52
52
51
51
50
50
50
50
50
50
50
50
50
50
50
50
49
49
49
49
49
49
49
49
49
49
49
49
49
49
49
49
48
48
48
48
48
48
48
48
48
49
50
50
50
50
50
50
50
50
50
50
50
50
50
50
50
50
51
51
52
52
53
53
53
52
52
52
52
52
52
52
52
52
52
52
52
52
52
51
51
51
51
51
51
51
51
--undefined--
--undefined--
--undefined--
49
49
49
49
49
49
49
49
49
49
49
49
49
49
49
49
49
49
49
49
49
49
49
49
49
49
49
49
49
49
49
49
48
43
36
36
36
36
36
36
--undefined--
--undefined--
--undefined--
47
47
47
46
46
46
46
46
46
46
46
46
46
46
46
46
46
46
46
46
46
46
46
46
46
46
46
46
46
46
46
46
46
46
46
46
46
46
41
34
34
34
34
34
34
34
--undefined--
51
51
51
50
50
50
50
50
50
49
49
49
49
49
49
49
49
49
49
49
49
49
49
49
49
49
49
49
44
37
37
37
37
37
37
36
36
36
36
36
36
36
36
36
36
36
36
36
36
36
36
36
36
36
36
36
36
37
36
36
36
36
36
36
36
35
34
34
34
--undefined--
51
51
51
50
50
50
50
50
50
50
50
50
50
50
50
50
50
50
50
51
51
51
51
52
53
53
53
52
52
52
52
52
52
52
52
52
52
52
52
52
52
52
52
52
52
52
52
52
52
52
52
52
52
52
52
52
52
51
51
44
32
32
32
33
34
34
34
34
34
--undefined--
53
52
52
52
52
52
52
51
52
52
52
52
52
52
52
52
52
52
52
52
52
52
52
52
52
52
52
52
52
52
52
52
51
51
51
51
51
45
35
34
34
34
34
34
51
51
51
51
50
50
50
50
50
50
50
50
50
50
50
50
49
49
48
48
48
48
49
49
49
49
49
49
49
49
49
49
49
49
49
48
48
48
48
48
48
43
36
36
36
36
51
51
51
51
51
51
50
50
50
50
50
50
50
50
50
50
50
51
51
51
52
52
52
52
52
52
52
52
52
52
52
52
52
52
52
52
52
51
51
51
51
51
70
70
70
70
70
--undefined--
--undefined--
49
49
49
49
49
49
49
48
48
48
48
48
48
48
48
48
48
48
48
48
48
48
48
48
48
48
48
48
48
48
48
48
48
49
49
48
48
47
46
46
41
34
34
34
34
34
34
34
34
34
34
34
34
34
34
34
34
34
34
34
34
34
34
34
34
34
34
34
34
34
34
34
34
34
34
34
34
34
34
34
34
34
34
34
34
34
34
34
34
34
34
51
51
50
49
49
49
49
48
--undefined--
--undefined--
