--undefined--
--undefined--
--undefined--
--undefined--
--undefined--
--undefined--
--undefined--
--undefined--
--undefined--
--undefined--
--undefined--
--undefined--
--undefined--
--undefined--
--undefined--
--undefined--
--undefined--
--undefined--
--undefined--
--undefined--
--undefined--
--undefined--
--undefined--
--undefined--
--undefined--
--undefined--
--undefined--
--undefined--
--undefined--
--undefined--
--undefined--
--undefined--
--undefined--
--undefined--
--undefined--
--undefined--
--undefined--
--undefined--
--undefined--
--undefined--
--undefined--
--undefined--
--undefined--
--undefined--
--undefined--
--undefined--
--undefined--
--undefined--
--undefined--
--undefined--
--undefined--
--undefined--
--undefined--
--undefined--
44
44
44
44
44
44
44
44
44
44
45
45
45
45
45
45
45
46
46
46
46
46
46
45
45
45
46
46
46
46
46
46
46
47
47
47
47
47
47
47
47
47
47
47
47
47
47
47
47
47
47
47
47
47
47
47
48
48
49
49
50
50
50
51
51
51
51
52
52
52
52
52
51
51
51
50
50
50
50
50
51
51
51
51
51
51
51
51
51
51
51
51
51
51
51
51
51
51
51
51
51
51
51
51
51
51
51
51
51
51
51
51
51
51
51
51
51
51
51
51
51
51
52
52
52
52
52
51
51
51
52
52
52
51
51
51
51
51
52
52
52
51
51
51
--undefined--
--undefined--
--undefined--
--undefined--
--undefined--
52
52
52
52
51
51
51
51
51
51
52
52
52
52
52
52
52
52
52
52
52
52
52
52
52
51
51
51
51
--undefined--
--undefined--
--undefined--
--undefined--
52
52
52
52
52
52
52
52
52
51
51
51
51
51
51
51
51
51
51
51
51
51
51
51
51
51
51
51
51
51
51
51
51
51
51
51
51
51
51
51
51
51
51
51
51
51
51
51
51
51
51
51
51
51
51
51
51
51
51
51
51
52
52
52
52
52
52
52
--undefined--
--undefined--
--undefined--
--undefined--
--undefined--
54
54
54
54
54
54
54
54
54
54
54
54
54
54
54
54
54
54
54
54
54
54
54
54
54
54
54
54
54
54
54
54
54
54
54
54
54
54
54
54
54
54
54
54
54
54
54
54
55
55
55
55
56
57
57
57
58
58
59
59
59
59
59
59
59
59
59
59
59
58
58
58
58
58
58
58
58
58
58
58
58
58
58
58
58
58
58
58
58
58
58
58
58
58
58
58
58
58
58
58
58
58
58
58
58
58
58
58
58
58
58
58
58
58
58
58
58
58
58
58
58
58
58
58
58
58
58
58
58
58
58
58
57
57
57
57
57
57
--undefined--
60
60
60
59
58
58
58
58
58
58
58
58
58
58
58
58
58
58
58
58
58
58
58
58
58
58
58
58
57
57
57
57
57
--undefined--
--undefined--
59
59
58
58
58
58
58
58
58
58
58
58
58
58
58
58
58
58
58
58
58
58
58
58
58
58
58
58
58
58
58
58
58
58
58
58
58
58
58
58
58
58
58
58
58
58
58
58
58
59
59
59
59
59
59
58
58
58
58
58
--undefined--
59
59
59
58
58
58
58
58
58
58
58
58
58
58
58
59
60
60
61
61
61
61
62
62
62
62
61
61
61
60
60
61
61
61
60
60
60
60
59
59
59
58
58
58
57
57
57
57
56
56
56
55
55
54
54
53
52
52
51
51
50
50
50
50
50
51
51
51
51
51
51
51
51
51
51
51
50
50
50
50
50
50
50
50
50
50
50
51
51
51
51
51
51
52
52
52
52
51
51
51
51
51
51
51
51
51
51
51
51
52
52
52
52
52
52
52
51
51
51
51
51
51
51
51
51
51
51
51
51
52
52
52
52
52
52
52
52
52
52
52
52
52
52
52
52
52
51
--undefined--
--undefined--
--undefined--
--undefined--
52
52
52
52
52
52
52
52
52
52
52
52
52
52
52
52
52
52
51
51
51
52
52
52
52
52
52
52
52
52
52
51
51
51
--undefined--
--undefined--
--undefined--
52
52
52
52
51
52
52
52
52
52
52
52
52
52
52
52
52
52
51
51
51
51
51
51
51
51
51
52
52
52
52
52
52
52
52
52
52
52
52
52
52
52
52
52
52
52
52
52
52
52
52
52
52
52
52
52
52
52
51
50
50
--undefined--
--undefined--
--undefined--
71
71
--undefined--
--undefined--
