--undefined--
--undefined--
--undefined--
--undefined--
--undefined--
--undefined--
68
68
68
68
--undefined--
--undefined--
--undefined--
--undefined--
--undefined--
70
71
71
--undefined--
--undefined--
--undefined--
--undefined--
--undefined--
67
67
67
--undefined--
--undefined--
--undefined--
--undefined--
--undefined--
--undefined--
--undefined--
--undefined--
--undefined--
--undefined--
--undefined--
--undefined--
--undefined--
--undefined--
--undefined--
--undefined--
73
72
72
73
--undefined--
--undefined--
--undefined--
--undefined--
47
47
46
46
46
46
46
46
46
46
46
46
46
46
46
46
47
47
47
47
47
47
47
47
47
47
47
47
47
47
47
47
47
46
46
46
47
47
48
48
--undefined--
--undefined--
72
72
72
72
72
72
49
49
48
48
47
47
47
47
47
47
47
47
47
47
47
47
47
47
47
47
47
47
47
47
47
47
47
47
47
47
47
47
47
48
48
48
48
49
49
50
45
39
39
40
40
41
41
42
42
42
50
55
55
55
55
55
54
54
54
54
54
54
54
54
54
54
55
55
55
55
55
55
55
54
54
54
54
--undefined--
--undefined--
--undefined--
--undefined--
--undefined--
--undefined--
--undefined--
--undefined--
--undefined--
73
73
73
73
54
54
54
54
54
54
54
54
54
54
54
54
54
54
54
54
54
54
54
54
54
54
54
54
54
54
54
54
55
55
55
55
55
55
55
55
55
55
55
55
55
55
55
55
55
55
56
56
56
56
56
56
56
57
57
57
57
57
56
56
56
56
56
56
56
56
56
56
56
56
56
56
56
56
56
56
56
56
56
56
56
56
56
56
56
56
56
56
55
55
56
56
--undefined--
--undefined--
56
56
56
57
57
56
56
56
56
56
56
56
56
56
56
56
56
56
56
56
56
56
56
56
56
56
56
56
56
56
56
56
56
56
56
56
56
56
56
56
56
55
55
55
54
53
53
52
52
52
52
52
52
52
53
53
54
54
54
54
54
54
55
55
55
55
54
54
54
54
54
54
54
54
54
54
54
55
55
55
54
54
54
54
54
54
54
54
54
54
54
54
54
54
54
54
54
54
54
54
54
54
54
54
54
54
54
54
54
54
54
54
54
54
54
54
54
54
54
54
54
54
54
54
54
54
54
54
54
54
54
54
54
54
54
54
54
54
54
53
53
53
52
51
51
51
51
51
51
51
51
51
52
52
52
52
52
52
52
52
52
52
52
53
53
53
53
53
53
52
52
52
52
52
52
52
52
52
52
52
52
53
53
53
53
53
53
53
52
52
52
54
56
57
--undefined--
--undefined--
--undefined--
--undefined--
--undefined--
53
53
52
52
52
52
52
52
52
53
53
53
53
53
53
53
53
53
53
53
53
53
53
53
53
53
53
53
53
52
52
53
53
53
53
53
52
52
52
52
52
52
51
51
50
50
50
50
50
50
50
50
50
50
50
50
50
50
51
51
51
51
51
51
51
51
51
51
51
52
51
51
52
52
52
52
52
52
52
52
52
52
52
52
52
52
--undefined--
--undefined--
--undefined--
--undefined--
--undefined--
--undefined--
--undefined--
--undefined--
--undefined--
--undefined--
--undefined--
51
51
51
51
51
51
51
51
51
51
51
51
51
51
51
51
51
51
51
51
51
51
51
51
51
51
51
51
51
51
51
51
51
50
50
50
50
--undefined--
--undefined--
--undefined--
--undefined--
--undefined--
--undefined--
73
73
73
73
73
73
73
50
49
49
49
49
49
49
49
49
49
49
49
49
49
49
49
49
50
50
50
50
50
50
50
50
50
50
50
49
49
49
49
49
49
49
49
49
49
--undefined--
--undefined--
--undefined--
--undefined--
--undefined--
--undefined--
73
73
73
73
--undefined--
49
49
49
49
49
49
49
49
49
49
49
49
49
49
50
49
49
49
49
49
49
49
49
49
49
49
49
49
49
49
49
49
49
49
49
49
49
49
49
49
--undefined--
--undefined--
74
74
74
74
74
74
74
74
49
49
48
48
48
48
48
48
48
48
48
48
48
48
48
48
48
48
48
48
48
48
48
48
48
48
48
48
48
48
48
48
48
48
48
48
48
48
48
48
48
48
48
48
48
48
48
48
47
47
47
47
47
48
48
48
48
48
48
48
48
48
48
48
48
48
48
48
48
48
48
--undefined--
--undefined--
