--undefined--
--undefined--
72
72
72
72
72
72
72
71
71
71
71
--undefined--
--undefined--
--undefined--
--undefined--
--undefined--
--undefined--
--undefined--
--undefined--
72
73
74
74
74
--undefined--
--undefined--
--undefined--
--undefined--
--undefined--
--undefined--
--undefined--
--undefined--
--undefined--
--undefined--
--undefined--
--undefined--
--undefined--
--undefined--
--undefined--
51
51
49
47
47
47
46
46
46
46
46
46
46
46
45
46
46
46
46
46
45
45
46
46
46
46
46
46
46
45
45
45
45
45
45
45
45
45
45
45
45
45
45
45
45
44
44
45
45
45
45
46
46
47
47
47
47
48
48
48
48
49
49
49
49
49
49
49
49
49
50
50
50
50
51
51
51
51
51
51
51
50
50
50
50
50
50
50
50
50
50
50
50
50
50
50
50
50
50
50
50
50
50
50
50
50
50
50
50
50
50
50
50
50
50
50
50
50
50
50
50
50
50
50
50
50
50
50
50
50
50
50
50
50
50
50
50
50
50
50
50
50
50
50
50
50
50
50
50
50
50
50
50
50
50
50
50
50
50
50
50
50
50
50
50
50
50
50
50
50
50
50
50
50
50
50
50
50
50
50
50
50
50
50
50
50
50
50
50
50
50
50
50
50
50
50
50
50
49
48
48
48
47
47
46
46
46
46
46
46
46
45
45
44
44
44
44
44
44
44
44
45
45
45
44
44
44
44
45
45
45
45
45
45
45
45
45
45
45
45
44
44
44
45
45
45
45
45
45
45
45
46
46
46
47
47
48
48
49
49
49
49
50
50
50
50
50
50
51
51
51
52
52
52
53
53
53
53
53
53
53
53
53
53
53
53
53
53
53
53
53
53
53
53
53
53
53
53
53
53
53
53
53
53
52
52
52
52
53
53
53
53
53
53
53
53
53
53
53
52
52
52
52
52
52
52
52
52
52
52
52
52
52
52
52
52
52
52
52
52
52
52
52
52
52
52
52
52
52
52
52
52
52
52
52
52
52
52
52
52
52
52
52
52
52
52
52
52
52
52
52
52
52
52
52
52
52
52
52
52
52
52
52
52
52
52
52
52
52
52
52
52
53
53
53
53
53
53
53
53
53
52
52
52
52
51
51
50
50
49
49
48
48
48
48
48
48
47
48
48
48
48
48
49
49
49
49
49
49
49
49
49
49
49
50
50
50
50
50
50
50
50
50
50
50
50
50
50
50
50
50
50
50
50
50
50
50
50
50
50
50
50
50
50
50
50
50
50
50
50
49
49
49
49
50
51
51
50
50
50
50
49
49
49
49
50
50
50
50
50
50
50
50
50
50
50
50
50
50
50
50
50
50
50
50
50
50
50
50
50
50
50
50
50
50
50
50
50
50
50
50
50
50
50
50
50
50
50
50
50
50
50
50
50
50
50
50
50
50
50
50
50
50
51
51
51
52
53
54
55
55
55
56
56
56
56
56
57
57
57
57
57
58
58
58
58
59
59
59
59
59
60
60
60
60
60
60
60
60
60
60
60
60
60
60
60
60
59
59
59
59
59
58
58
58
58
58
58
58
58
58
58
58
58
57
57
57
57
57
57
56
56
56
56
56
56
56
56
56
56
56
56
56
56
56
57
57
57
57
57
57
57
57
57
57
57
57
57
57
57
57
57
57
57
57
57
57
57
57
57
57
57
57
57
57
57
57
57
57
57
57
57
57
57
57
57
57
57
57
57
57
57
57
57
57
57
57
57
57
57
57
57
57
57
57
57
57
57
57
57
57
57
57
57
57
57
57
57
57
57
57
57
57
57
57
57
57
57
57
57
57
57
57
56
56
56
56
56
56
56
56
57
57
57
57
57
57
57
57
57
57
57
57
57
56
56
56
56
56
56
56
--undefined--
--undefined--
--undefined--
--undefined--
71
72
72
73
73
--undefined--
--undefined--
--undefined--
--undefined--
--undefined--
--undefined--
--undefined--
--undefined--
--undefined--
