--undefined--
--undefined--
--undefined--
--undefined--
--undefined--
--undefined--
--undefined--
--undefined--
--undefined--
--undefined--
60
60
59
59
59
59
59
59
59
59
59
60
60
61
61
61
61
61
61
61
61
61
61
61
61
61
61
61
61
61
61
61
61
61
61
61
61
61
61
61
61
61
61
61
61
61
61
61
61
61
61
61
61
61
60
60
60
59
59
59
60
--undefined--
--undefined--
--undefined--
--undefined--
60
60
60
60
60
60
60
60
60
60
60
60
60
60
60
61
61
61
61
61
61
61
61
61
61
61
61
61
61
60
60
60
60
60
60
60
60
60
60
59
59
59
58
58
58
58
58
58
58
58
58
57
57
57
57
--undefined--
--undefined--
--undefined--
--undefined--
--undefined--
--undefined--
--undefined--
61
61
60
60
60
60
60
60
60
60
60
60
60
60
60
60
60
60
60
59
59
58
57
56
55
54
54
54
54
54
54
55
56
56
57
57
57
57
57
57
57
58
57
57
57
57
57
57
57
57
57
57
56
56
56
55
55
54
53
53
53
52
52
52
52
53
53
53
53
54
54
54
55
55
55
56
56
56
56
56
56
55
55
55
55
55
55
55
55
55
55
55
55
55
55
55
55
55
55
55
55
55
55
55
55
55
55
55
55
55
55
55
55
55
55
55
55
55
55
55
55
55
55
55
55
55
55
56
56
56
56
57
57
57
58
58
58
58
58
58
58
58
58
58
58
58
58
58
58
58
58
57
57
57
57
57
57
56
55
55
54
54
53
53
53
54
54
54
54
54
55
55
55
55
55
55
55
55
55
55
55
55
55
55
55
55
55
55
55
55
54
54
54
--undefined--
--undefined--
--undefined--
--undefined--
--undefined--
--undefined--
--undefined--
--undefined--
--undefined--
61
61
59
56
55
55
55
55
55
55
55
55
55
55
55
55
55
55
55
55
55
55
54
54
54
53
53
52
52
52
52
52
52
52
52
52
52
52
52
52
52
52
52
53
53
53
53
53
53
53
53
53
53
53
53
54
55
55
56
56
56
56
56
56
56
56
56
56
55
55
55
55
55
55
55
55
55
55
55
55
55
55
55
55
55
55
55
55
55
55
55
55
55
55
55
55
55
55
55
55
55
55
55
55
55
55
55
55
55
55
55
55
55
55
55
55
55
55
55
55
55
55
55
55
55
55
55
55
55
55
55
55
55
55
55
55
55
55
55
55
55
55
55
55
55
55
55
55
55
55
55
55
55
55
55
55
55
55
55
55
55
55
55
55
55
55
55
55
55
55
55
55
55
55
55
55
55
55
55
54
54
54
53
--undefined--
--undefined--
--undefined--
--undefined--
--undefined--
70
70
70
61
60
59
56
54
53
52
52
52
52
52
52
52
52
52
52
53
53
53
53
53
53
53
53
53
53
53
53
53
53
53
53
53
53
53
53
53
53
53
53
53
53
53
53
53
53
53
53
53
53
53
53
53
53
53
53
53
53
53
52
52
53
54
54
54
54
54
54
54
54
54
54
53
53
53
53
53
53
53
53
53
54
54
54
54
54
54
53
53
53
53
53
53
53
53
53
53
53
53
53
52
52
52
51
50
50
50
50
50
50
50
50
50
50
50
--undefined--
--undefined--
--undefined--
--undefined--
--undefined--
--undefined--
--undefined--
--undefined--
--undefined--
--undefined--
--undefined--
--undefined--
--undefined--
53
52
52
52
52
52
52
52
52
52
52
53
53
53
53
53
53
53
53
53
53
53
53
53
53
53
53
53
53
53
53
53
53
53
53
53
53
53
53
53
53
53
53
53
53
53
53
53
53
53
53
53
53
53
53
53
54
54
56
57
58
58
58
59
59
59
59
59
59
58
58
58
58
58
58
58
58
58
58
58
58
58
58
58
58
58
58
58
58
58
58
58
58
58
58
58
58
58
58
58
58
57
57
57
57
57
57
57
57
56
56
--undefined--
--undefined--
--undefined--
--undefined--
--undefined--
--undefined--
--undefined--
69
68
68
53
53
53
53
53
53
54
54
54
54
54
54
54
54
54
54
54
54
54
--undefined--
--undefined--
