--undefined--
--undefined--
63
67
70
70
70
70
70
70
--undefined--
72
72
71
71
71
71
71
71
72
72
72
71
71
71
70
70
70
71
72
72
34
34
34
34
35
35
--undefined--
--undefined--
35
35
35
35
35
34
34
--undefined--
--undefined--
35
35
35
35
--undefined--
--undefined--
--undefined--
--undefined--
--undefined--
48
48
47
46
45
45
45
44
44
44
44
44
44
44
44
44
44
44
44
43
43
43
43
43
44
44
44
44
44
44
44
44
44
45
--undefined--
--undefined--
--undefined--
--undefined--
--undefined--
--undefined--
47
47
47
47
46
46
46
46
46
46
46
46
46
46
46
46
46
45
45
45
45
45
45
45
45
45
45
45
45
45
45
45
45
45
45
45
45
45
45
45
45
45
45
45
46
46
46
46
47
47
47
47
47
47
47
46
46
46
46
46
46
47
47
47
47
47
47
47
47
47
47
47
47
47
47
47
47
47
47
47
47
47
47
47
47
47
47
47
47
47
47
47
47
47
47
47
47
47
47
47
47
47
47
47
47
47
47
47
47
47
47
47
47
47
47
47
47
47
47
47
47
47
47
47
47
47
47
47
47
47
47
47
47
47
47
47
47
47
46
46
46
46
46
45
45
44
--undefined--
--undefined--
--undefined--
48
48
49
49
49
49
49
49
49
49
49
49
49
49
49
49
49
49
49
49
49
49
49
49
49
49
49
49
48
48
49
49
--undefined--
--undefined--
--undefined--
--undefined--
--undefined--
--undefined--
--undefined--
--undefined--
--undefined--
51
51
51
51
51
51
51
51
51
51
51
51
51
51
51
52
52
52
51
51
51
51
51
51
51
51
51
51
51
51
51
51
51
51
51
51
51
51
51
51
51
51
51
51
51
51
51
51
51
51
51
51
51
51
51
51
51
51
51
51
51
51
51
51
52
52
52
53
53
54
54
54
54
55
55
54
54
54
54
54
54
53
53
53
53
54
54
54
54
54
54
54
54
54
54
54
54
54
54
53
53
53
52
52
52
53
53
54
54
55
55
55
55
55
55
54
54
55
55
55
55
54
54
54
54
54
54
54
54
54
54
54
54
54
54
54
53
54
54
--undefined--
35
35
35
35
--undefined--
--undefined--
--undefined--
--undefined--
--undefined--
56
56
56
55
55
55
55
55
54
54
54
54
54
54
55
55
55
55
55
55
56
56
56
56
56
57
57
57
57
57
57
57
57
57
57
57
57
56
56
56
56
56
57
57
57
57
57
57
57
57
57
57
57
57
57
57
57
57
57
57
57
57
57
57
57
57
57
57
57
57
57
57
57
57
57
57
57
57
57
57
57
57
57
57
57
57
57
57
57
56
56
56
56
56
56
56
56
56
56
56
56
56
55
55
55
54
54
54
54
54
54
54
54
54
54
54
54
54
54
54
54
54
54
54
54
54
53
53
53
53
53
53
52
52
51
51
51
--undefined--
--undefined--
--undefined--
--undefined--
--undefined--
--undefined--
--undefined--
--undefined--
68
68
68
68
--undefined--
--undefined--
49
49
49
49
49
49
49
49
50
50
50
50
50
50
50
51
51
51
51
51
51
51
51
51
51
50
--undefined--
--undefined--
--undefined--
--undefined--
71
71
71
71
71
71
72
72
70
69
70
72
72
72
72
72
72
72
72
73
73
73
35
35
34
34
--undefined--
--undefined--
--undefined--
--undefined--
--undefined--
--undefined--
--undefined--
--undefined--
--undefined--
--undefined--
--undefined--
--undefined--
--undefined--
--undefined--
--undefined--
50
49
48
48
48
48
48
49
49
50
51
51
52
52
51
51
51
51
51
51
51
51
51
51
50
50
50
50
--undefined--
--undefined--
--undefined--
--undefined--
--undefined--
--undefined--
--undefined--
--undefined--
--undefined--
49
49
49
49
49
49
49
49
49
49
49
49
49
49
49
49
49
49
48
48
48
48
47
47
47
47
46
46
46
46
46
46
46
46
46
46
46
46
46
46
46
47
47
47
46
46
46
46
46
46
46
46
46
46
46
46
46
46
47
47
47
47
47
47
47
47
47
48
48
48
48
48
48
48
48
48
48
48
48
47
47
47
47
47
47
47
47
47
47
47
47
47
47
47
47
47
47
47
47
47
47
47
47
--undefined--
--undefined--
