79 
79 
79 
81 
84 
81 
79 
76 
76 
74 
76 
74 
72 
69 
67 
79 
79 
81 
79 
79 
76 
74 
76 
76 
74 
74 
74 
76 
74 
72 
69 
72 
72 
79 
79 
79 
81 
84 
81 
79 
76 
76 
74 
76 
74 
72 
69 
67 
79 
79 
81 
79 
79 
76 
74 
76 
76 
74 
74 
74 
76 
74 
72 
69 
72 
72 
72 
74 
74 
76 
69 
72 
74 
74 
76 
67 
72 
74 
76 
77 
76 
77 
81 
79 
79 
79 
76 
79 
76 
84 
81 
84 
81 
79 
79 
79 
81 
79 
77 
79 
77 
76 
79 
79 
79 
81 
79 
77 
79 
77 
76 
79 
79 
79 
81 
84 
81 
79 
76 
76 
74 
76 
74 
72 
69 
67 
79 
79 
81 
79 
79 
76 
74 
76 
76 
74 
74 
74 
76 
74 
72 
69 
72 
72 
79 
79 
79 
81 
84 
81 
79 
76 
76 
74 
76 
74 
72 
69 
67 
79 
79 
81 
79 
79 
76 
74 
76 
76 
74 
74 
74 
76 
74 
72 
69 
72 
72 
72 
74 
74 
76 
69 
72 
74 
74 
76 
67 
72 
74 
76 
77 
76 
77 
81 
79 
79 
79 
76 
79 
76 
84 
81 
84 
81 
79 
79 
79 
81 
79 
77 
79 
77 
76 
79 
79 
79 
81 
79 
77 
79 
77 
76 
