60 
61 
63 
63 
63 
63 
63 
65 
63 
61 
60 
61 
63 
63 
60 
58 
56 
58 
60 
58 
56 
56 
56 
68 
68 
67 
68 
67 
63 
65 
63 
61 
61 
63 
65 
63 
68 
68 
65 
60 
63 
65 
63 
65 
65 
63 
56 
58 
60 
58 
56 
56 
56 
60 
60 
60 
58 
58 
58 
70 
70 
67 
65 
63 
60 
61 
63 
63 
63 
63 
63 
65 
63 
61 
60 
61 
63 
63 
60 
58 
56 
58 
60 
58 
56 
56 
56 
68 
68 
67 
67 
68 
67 
65 
63 
65 
63 
61 
61 
63 
65 
63 
68 
68 
65 
60 
63 
65 
63 
65 
65 
63 
56 
58 
60 
58 
56 
56 
56 
60 
60 
60 
58 
58 
65 
63 
63 
60 
58 
51 
60 
58 
56 
65 
65 
65 
67 
68 
67 
65 
67 
67 
68 
70 
68 
67 
68 
67 
65 
63 
63 
56 
58 
60 
60 
67 
67 
60 
60 
70 
70 
68 
67 
65 
65 
65 
65 
67 
68 
65 
67 
67 
68 
70 
67 
67 
72 
70 
68 
68 
67 
65 
65 
65 
65 
63 
63 
58 
60 
56 
60 
61 
63 
63 
63 
63 
63 
65 
63 
61 
60 
61 
63 
63 
60 
58 
56 
58 
60 
58 
56 
56 
56 
68 
68 
67 
67 
68 
67 
65 
63 
65 
63 
61 
61 
63 
65 
63 
68 
68 
65 
60 
63 
65 
63 
65 
65 
63 
56 
58 
60 
58 
56 
56 
56 
60 
60 
60 
58 
58 
65 
63 
63 
60 
58 
51 
60 
58 
56 
65 
65 
65 
67 
68 
67 
65 
67 
67 
68 
70 
68 
67 
68 
67 
65 
63 
63 
56 
58 
60 
60 
67 
67 
60 
60 
70 
70 
68 
67 
65 
65 
65 
65 
67 
68 
65 
67 
67 
68 
70 
67 
67 
72 
70 
68 
68 
67 
65 
65 
65 
65 
63 
63 
58 
60 
56 
61 
62 
64 
64 
64 
64 
64 
66 
64 
62 
61 
62 
64 
64 
61 
59 
57 
59 
61 
59 
57 
57 
57 
69 
69 
68 
68 
69 
68 
66 
64 
66 
64 
62 
62 
64 
66 
64 
69 
69 
66 
61 
64 
66 
64 
66 
66 
64 
57 
59 
61 
59 
57 
57 
57 
61 
61 
61 
59 
59 
66 
64 
64 
61 
59 
52 
61 
59 
57 
66 
66 
66 
68 
69 
68 
66 
68 
68 
69 
71 
69 
68 
69 
68 
66 
64 
64 
57 
59 
61 
61 
68 
68 
61 
61 
71 
71 
69 
68 
66 
66 
66 
66 
68 
69 
68 
66 
68 
68 
69 
71 
68 
68 
73 
71 
69 
69 
68 
66 
66 
66 
66 
64 
64 
59 
61 
57 
66 
66 
66 
68 
69 
68 
66 
68 
68 
69 
71 
69 
68 
69 
68 
66 
64 
64 
57 
59 
61 
61 
68 
68 
61 
61 
71 
71 
69 
68 
66 
66 
66 
66 
68 
69 
68 
66 
68 
68 
69 
71 
68 
68 
73 
71 
69 
69 
68 
66 
66 
66 
66 
64 
64 
59 
61 
57 
66 
66 
66 
68 
69 
66 
68 
68 
69 
71 
68 
69 
68 
66 
64 
64 
57 
59 
61 
61 
68 
68 
61 
61 
71 
71 
69 
68 
66 
66 
66 
66 
68 
69 
66 
68 
68 
69 
71 
68 
68 
73 
71 
69 
69 
68 
66 
66 
66 
66 
71 
71 
71 
73 
69 
66 
66 
66 
68 
69 
66 
68 
68 
69 
71 
68 
69 
68 
66 
64 
64 
57 
59 
61 
61 
68 
68 
61 
61 
71 
71 
69 
68 
66 
66 
66 
66 
68 
69 
66 
68 
68 
69 
71 
68 
68 
73 
71 
69 
69 
68 
66 
66 
66 
66 
64 
64 
59 
61 
57 
