70 
67 
70 
67 
70 
75 
72 
70 
70 
72 
75 
67 
70 
67 
65 
60 
63 
70 
67 
70 
67 
70 
75 
72 
70 
70 
70 
72 
75 
67 
65 
63 
65 
63 
65 
63 
65 
70 
67 
65 
67 
63 
65 
67 
70 
67 
70 
72 
75 
72 
75 
67 
70 
67 
70 
67 
70 
75 
72 
70 
70 
70 
72 
75 
67 
70 
67 
65 
63 
70 
67 
70 
67 
70 
75 
72 
70 
70 
72 
75 
67 
70 
67 
65 
60 
63 
70 
67 
70 
67 
70 
75 
72 
70 
70 
70 
72 
75 
67 
65 
63 
65 
63 
65 
63 
65 
70 
67 
65 
67 
63 
65 
67 
70 
67 
70 
72 
75 
72 
75 
67 
70 
67 
70 
67 
70 
75 
72 
70 
70 
70 
72 
75 
67 
70 
67 
65 
63 
70 
67 
70 
67 
70 
75 
72 
70 
70 
72 
75 
67 
70 
67 
65 
60 
63 
70 
67 
70 
67 
70 
75 
72 
70 
70 
70 
72 
75 
67 
65 
63 
65 
63 
65 
63 
65 
70 
67 
65 
67 
63 
65 
67 
70 
67 
70 
72 
75 
72 
75 
67 
70 
67 
70 
67 
70 
75 
72 
70 
70 
70 
72 
75 
79 
77 
75 
