81 
81 
79 
81 
79 
76 
79 
76 
76 
74 
76 
74 
74 
72 
74 
74 
79 
79 
76 
76 
74 
76 
81 
81 
79 
81 
79 
76 
77 
77 
77 
76 
74 
76 
79 
79 
79 
79 
79 
79 
83 
81 
81 
81 
81 
79 
81 
84 
84 
84 
83 
81 
79 
81 
81 
81 
81 
79 
81 
79 
76 
79 
79 
79 
79 
79 
79 
83 
81 
81 
81 
81 
79 
81 
81 
81 
79 
81 
79 
76 
79 
76 
76 
74 
76 
74 
74 
72 
74 
74 
79 
79 
76 
76 
74 
76 
81 
81 
79 
81 
79 
76 
77 
77 
77 
76 
74 
76 
79 
79 
79 
79 
79 
79 
83 
81 
81 
81 
81 
79 
81 
84 
84 
84 
83 
81 
79 
81 
81 
81 
81 
79 
81 
79 
76 
79 
79 
79 
79 
79 
79 
83 
81 
81 
81 
81 
79 
81 
81 
81 
79 
81 
79 
76 
79 
76 
76 
74 
76 
74 
74 
72 
74 
74 
79 
79 
76 
76 
74 
76 
81 
81 
79 
81 
79 
76 
77 
77 
77 
76 
74 
76 
79 
79 
79 
79 
79 
79 
83 
81 
81 
81 
81 
79 
81 
84 
84 
84 
83 
81 
79 
81 
81 
81 
81 
79 
81 
79 
76 
79 
79 
79 
79 
79 
79 
83 
81 
81 
81 
81 
79 
81 
84 
84 
84 
83 
81 
79 
81 
81 
81 
81 
79 
81 
79 
76 
79 
79 
79 
79 
79 
79 
83 
81 
81 
81 
81 
79 
81 
79 
79 
79 
79 
79 
79 
83 
81 
81 
81 
81 
79 
81 
79 
79 
79 
79 
79 
79 
83 
81 
81 
81 
81 
79 
81 
