70 
72 
75 
77 
79 
82 
82 
84 
82 
79 
77 
79 
77 
75 
75 
75 
72 
72 
75 
77 
70 
72 
75 
77 
79 
82 
82 
84 
82 
79 
79 
77 
75 
75 
75 
72 
72 
70 
75 
75 
75 
77 
75 
77 
79 
80 
82 
84 
82 
79 
82 
84 
84 
84 
82 
79 
77 
75 
77 
70 
72 
75 
77 
79 
82 
82 
84 
82 
79 
79 
77 
75 
75 
75 
72 
72 
70 
75 
70 
72 
75 
77 
79 
82 
82 
84 
82 
79 
77 
79 
77 
75 
75 
75 
72 
72 
75 
77 
70 
72 
75 
77 
79 
82 
82 
84 
82 
79 
79 
77 
75 
75 
75 
72 
72 
70 
75 
75 
75 
77 
75 
77 
79 
80 
82 
84 
82 
79 
82 
84 
84 
84 
82 
79 
77 
75 
77 
70 
72 
75 
77 
79 
82 
82 
84 
82 
79 
79 
77 
75 
75 
75 
72 
72 
70 
75 
71 
73 
76 
78 
80 
83 
83 
85 
83 
80 
78 
80 
78 
76 
76 
76 
73 
73 
76 
78 
71 
73 
76 
78 
80 
83 
83 
85 
83 
80 
80 
78 
76 
76 
76 
73 
73 
71 
76 
76 
76 
78 
76 
78 
80 
81 
83 
85 
83 
80 
83 
85 
85 
85 
83 
80 
78 
76 
78 
71 
73 
76 
78 
80 
83 
83 
85 
83 
80 
80 
78 
76 
76 
76 
73 
73 
71 
76 
