65 
67 
68 
70 
72 
70 
68 
68 
67 
65 
65 
67 
68 
70 
72 
70 
68 
67 
68 
70 
72 
65 
67 
68 
70 
72 
70 
68 
68 
67 
65 
67 
67 
67 
68 
67 
65 
65 
63 
65 
72 
72 
72 
70 
68 
70 
70 
72 
70 
68 
68 
68 
70 
68 
67 
67 
68 
67 
72 
72 
72 
72 
70 
68 
70 
70 
72 
70 
68 
68 
67 
68 
67 
65 
65 
63 
65 
65 
67 
68 
70 
72 
70 
68 
68 
67 
65 
65 
67 
68 
70 
72 
70 
68 
67 
68 
70 
72 
65 
67 
68 
70 
72 
70 
68 
68 
67 
65 
67 
67 
67 
68 
67 
65 
65 
63 
65 
72 
72 
72 
70 
68 
70 
70 
72 
70 
68 
68 
68 
70 
68 
67 
67 
68 
67 
72 
72 
72 
72 
70 
68 
70 
70 
72 
70 
68 
68 
67 
68 
67 
65 
65 
63 
65 
65 
67 
68 
70 
72 
70 
68 
68 
67 
65 
65 
67 
68 
70 
72 
70 
68 
67 
68 
70 
72 
65 
67 
68 
70 
72 
70 
68 
68 
67 
65 
67 
67 
67 
68 
67 
65 
65 
63 
65 
72 
72 
72 
70 
68 
70 
70 
72 
70 
68 
68 
68 
70 
68 
67 
67 
68 
67 
72 
72 
72 
72 
70 
68 
70 
70 
72 
70 
68 
68 
67 
68 
67 
65 
65 
63 
65 
72 
72 
72 
72 
70 
68 
70 
70 
72 
70 
68 
68 
67 
68 
67 
65 
65 
63 
65 
72 
72 
72 
72 
70 
68 
70 
70 
72 
70 
68 
68 
67 
68 
67 
65 
65 
63 
65 
72 
72 
72 
72 
70 
68 
70 
70 
72 
70 
68 
68 
67 
68 
67 
65 
65 
63 
65 
